34.57069396972656 1 
34.809112548828125 3 30.040740966796875 3 
65.80352783203125 8 65.32669067382812 8 
76.77078247070312 12 96.55952453613281 11 88.69171142578125 12 76.53236389160156 11 78.67813110351562 10 92.02957153320312 11 80.34706115722656 10 82.0159912109375 11 86.30752563476562 10 84.40017700195312 13 85.59226989746094 11 
124.21607971191406 15 124.21607971191406 13 154.73365783691406 18 152.587890625 16 164.98565673828125 17 143.52798461914062 15 161.64779663085938 17 152.34947204589844 17 155.2104949951172 18 161.4093780517578 18 165.70091247558594 18 
209.0930938720703 27 211.47727966308594 24 240.08750915527344 28 241.75643920898438 29 221.25244140625 23 210.5236053466797 23 238.18016052246094 30 234.84230041503906 27 228.64341735839844 26 241.0411834716797 26 222.20611572265625 26 
333.0707550048828 41 381.70814514160156 42 414.3714904785156 42 380.0392150878906 47 375.7476806640625 43 357.1510314941406 40 345.9453582763672 39 406.50367736816406 44 393.6290740966797 40 358.34312438964844 42 380.51605224609375 45 
540.0180816650391 58 495.4338073730469 60 559.0915679931641 56 512.1231079101562 57 551.7005920410156 55 514.7457122802734 64 462.53204345703125 59 422.0008850097656 58 467.06199645996094 56 470.16143798828125 56 464.6778106689453 62 
706.4342498779297 90 766.9925689697266 100 814.9147033691406 85 750.7801055908203 96 743.6275482177734 89 820.159912109375 97 731.2297821044922 95 750.3032684326172 94 528.8124084472656 98 481.3671112060547 96 481.3671112060547 106 
660.6578826904297 132 673.2940673828125 128 601.2916564941406 135 645.1606750488281 131 654.9358367919922 148 1225.2330780029297 135 655.8895111083984 136 673.7709045410156 142 656.3663482666016 136 649.4522094726562 133 582.4565887451172 134 
1495.5997467041016 218 2287.149429321289 215 1932.382583618164 235 1938.8198852539062 223 1876.3542175292969 223 2128.60107421875 212 1922.8458404541016 229 1960.75439453125 216 2259.7312927246094 206 2405.405044555664 224 1861.0954284667969 220 
2643.108367919922 306 2028.9421081542969 307 1605.7491302490234 309 1510.3816986083984 309 1291.513442993164 301 1278.6388397216797 307 1335.14404296875 306 1332.2830200195312 304 1304.3880462646484 309 1296.2818145751953 297 1358.9859008789062 305 
2212.7628326416016 471 2138.1378173828125 486 2239.9425506591797 497 2129.793167114258 504 2179.1458129882812 476 2193.2125091552734 489 2130.270004272461 484 2149.820327758789 490 2113.34228515625 510 2177.000045776367 502 2113.34228515625 501 
3127.0980834960938 725 3089.6663665771484 703 3082.752227783203 687 3433.9427947998047 690 3134.489059448242 711 3120.899200439453 708 3147.125244140625 677 3214.3592834472656 703 3232.9559326171875 678 3117.3229217529297 711 3154.754638671875 683 
5950.212478637695 1099 5019.903182983398 1104 8975.744247436523 1105 10232.925415039062 1112 9584.426879882812 1117 4987.239837646484 1135 5240.440368652344 1124 5240.678787231445 1105 5201.578140258789 1121 5084.753036499023 1126 5382.299423217773 1075 
7393.836975097656 1567 7136.58332824707 1546 7263.898849487305 1537 8317.47055053711 1545 8757.352828979492 1536 7529.973983764648 1541 7361.888885498047 1550 7388.591766357422 1545 7868.051528930664 1552 7245.540618896484 1507 7026.433944702148 1551 
12071.13265991211 2480 12545.82405090332 2488 11581.182479858398 2508 11950.016021728516 2508 12218.952178955078 2433 11403.083801269531 2487 12090.682983398438 2461 11614.322662353516 2521 12457.37075805664 2477 12112.855911254883 2467 12340.068817138672 2495 
16971.588134765625 3403 16934.15641784668 3466 16405.105590820312 3474 16354.084014892578 3450 16347.169876098633 3478 21743.297576904297 3477 20860.671997070312 3414 17120.1229095459 3448 16910.314559936523 3368 16503.81088256836 3407 17110.586166381836 3424 
27450.5615234375 5465 27255.29670715332 5497 27633.6669921875 5467 28786.659240722656 5413 29052.734375 5297 28301.239013671875 5362 28053.52210998535 5418 27978.65867614746 5469 30150.413513183594 5350 28605.69953918457 5443 28023.719787597656 5444 
39765.59638977051 7493 39980.173110961914 7483 41930.437088012695 7415 40712.594985961914 7443 39191.72286987305 7521 41035.89057922363 7358 39671.65946960449 7447 39875.030517578125 7366 53003.549575805664 7411 43613.19541931152 7422 40321.58851623535 7596 
66171.88453674316 11621 69465.16036987305 11427 67481.04095458984 11422 65287.35160827637 11607 67700.38604736328 11610 71037.53089904785 11513 70694.6849822998 11618 75542.68836975098 11572 68185.80627441406 11430 68405.3897857666 11446 66678.76243591309 11603 
101069.45037841797 15607 107268.5718536377 15466 108701.94435119629 15628 106010.67543029785 15566 102637.52937316895 15590 107125.99754333496 15763 113981.00852966309 15685 106700.65879821777 15578 103347.3014831543 15756 115880.01251220703 15714 110390.90156555176 15857 
201446.7716217041 24094 193281.888961792 23748 192317.24739074707 23790 200575.590133667 23933 243356.94313049316 23734 281639.57595825195 23673 229310.9893798828 23981 217192.4114227295 23862 198922.87254333496 24218 178361.6542816162 24094 175222.15843200684 24029 
280169.4869995117 31851 278892.75550842285 32160 275526.5235900879 32083 277331.5906524658 32131 276279.6878814697 32131 275257.5874328613 31634 275098.3238220215 31856 274249.792098999 32118 269318.5806274414 31915 267669.9161529541 32613 272294.282913208 32333 
553229.808807373 48274 591070.4135894775 48898 704459.4287872314 49071 626892.8050994873 48552 686363.935470581 49114 592491.626739502 48403 513650.41732788086 48784 544872.2839355469 48999 570321.3214874268 48743 567092.8955078125 49100 518997.1923828125 48068 
829692.8405761719 64511 818790.1973724365 65022 833367.3477172852 63478 829095.6020355225 65041 855275.3925323486 65600 828577.5184631348 65024 873876.8100738525 64182 989660.5014801025 65499 927254.9152374268 65833 940860.9867095947 64927 958988.6665344238 65415 
1941520.4524993896 96766 1798213.9587402344 98944 1728962.8982543945 98652 1665527.34375 98771 1736231.0886383057 98696 1858524.5609283447 96138 1765540.599822998 97297 1647035.3603363037 98186 1627001.5239715576 99253 1642715.2156829834 98022 1788242.3400878906 98580 
2835032.2246551514 131624 2806770.5631256104 131670 3092262.5064849854 130263 3347308.397293091 131191 2972892.999649048 130892 2757027.8644561768 132242 2929558.9923858643 132111 2995836.019515991 131831 3063363.790512085 133377 3518019.199371338 132048 3037302.9708862305 131769 
6220775.842666626 193314 5791872.73979187 199245 6157673.597335815 197045 5922793.388366699 198133 6513013.83972168 198267 6390232.086181641 197968 6528783.798217773 196913 5997622.25151062 195077 6210606.336593628 197623 6616974.830627441 198888 5824199.676513672 199440 
10600382.804870605 263148 10018231.630325317 266648 10968605.518341064 265328 10979447.603225708 266071 10514553.07006836 265466 10377901.315689087 263147 10367887.496948242 267092 10657199.621200562 264905 10362752.914428711 264600 11145733.118057251 262578 10001231.908798218 259616 
21359555.00602722 392205 22027245.99838257 397833 22461523.056030273 398686 23583148.71788025 396757 24319549.083709717 394621 22514541.149139404 398647 22387197.971343994 403895 22764554.977416992 397682 23386310.815811157 396636 22640748.262405396 402437 23374609.94720459 398422 
38842734.57527161 529595 41506448.26889038 522885 41052192.92640686 532769 41260011.196136475 530263 41679518.938064575 531880 40088405.60913086 530503 38127028.703689575 530019 37100419.998168945 528795 37143321.27571106 533734 38352422.23739624 531990 37223773.24104309 529640 
87937642.5743103 798499 91520710.9451294 794621 86442270.51734924 775756 82049317.35992432 792898 81656359.19570923 790501 81661989.68887329 792216 81732416.86820984 795291 81530035.73417664 800098 81536864.28070068 805405 81458299.8752594 801279 81549066.78199768 791014 
