26.941299438476562 1 
37.90855407714844 2 14.543533325195312 2 
33.14018249511719 7 35.28594970703125 7 
50.54473876953125 10 54.836273193359375 10 51.975250244140625 11 51.021575927734375 11 50.067901611328125 10 50.78315734863281 12 49.35264587402344 10 46.73004150390625 10 54.59785461425781 12 51.4984130859375 10 53.16734313964844 11 
78.67813110351562 16 100.61264038085938 15 77.96287536621094 17 82.0159912109375 18 80.34706115722656 17 71.04873657226562 17 71.28715515136719 16 77.48603820800781 17 81.30073547363281 15 80.108642578125 18 70.81031799316406 18 
120.87821960449219 26 125.40817260742188 25 117.06352233886719 26 170.4692840576172 24 115.63301086425781 26 107.04994201660156 23 118.49403381347656 27 121.35505676269531 27 139.2364501953125 26 103.47366333007812 22 120.63980102539062 26 
193.59588623046875 40 195.50323486328125 38 183.58230590820312 40 219.82192993164062 44 186.2049102783203 43 245.3327178955078 45 211.23886108398438 40 182.15179443359375 36 184.2975616455078 41 195.2648162841797 37 242.9485321044922 42 
264.16778564453125 59 255.34629821777344 56 264.16778564453125 61 252.4852752685547 56 258.2073211669922 63 258.44573974609375 55 283.4796905517578 56 262.26043701171875 64 258.2073211669922 58 250.81634521484375 56 268.69773864746094 59 
437.4980926513672 93 471.5919494628906 92 441.7896270751953 94 401.0200500488281 97 402.4505615234375 88 416.9940948486328 92 416.5172576904297 99 448.7037658691406 98 454.6642303466797 93 406.2652587890625 97 426.7692565917969 99 
578.6418914794922 135 590.0859832763672 140 603.4374237060547 139 655.6510925292969 139 632.2860717773438 133 635.6239318847656 146 580.3108215332031 138 579.833984375 141 585.7944488525391 133 632.0476531982422 136 607.7289581298828 140 
941.0381317138672 210 940.3228759765625 219 918.3883666992188 223 1016.6168212890625 229 903.1295776367188 214 955.5816650390625 223 1008.5105895996094 217 933.4087371826172 221 969.4099426269531 217 941.2765502929688 216 1020.1930999755859 234 
1385.2119445800781 307 1370.6684112548828 299 1379.7283172607422 316 1338.958740234375 305 1387.3577117919922 301 1352.071762084961 299 1415.7295227050781 305 1300.0965118408203 310 1339.1971588134766 317 1475.5725860595703 309 1379.0130615234375 305 
2187.967300415039 482 2115.7264709472656 501 2345.561981201172 509 2239.9425506591797 504 2252.817153930664 502 2229.2137145996094 487 3133.058547973633 485 3769.6361541748047 505 2602.815628051758 500 2461.4334106445312 488 2918.243408203125 492 
3489.4943237304688 694 3258.4667205810547 698 3201.4846801757812 711 4403.352737426758 697 3684.99755859375 672 3942.4896240234375 704 3487.110137939453 670 3989.2196655273438 725 5060.911178588867 686 3977.537155151367 694 4578.590393066406 694 
6283.998489379883 1086 5719.661712646484 1111 7576.465606689453 1094 7042.407989501953 1135 5634.069442749023 1101 7103.443145751953 1128 5947.351455688477 1084 6784.677505493164 1103 5714.893341064453 1127 6563.663482666016 1076 6670.475006103516 1118 
7696.866989135742 1487 9770.15495300293 1496 7315.397262573242 1568 7978.677749633789 1550 7276.058197021484 1505 7925.510406494141 1561 7162.0941162109375 1550 7444.620132446289 1520 7457.971572875977 1550 7043.123245239258 1586 7251.262664794922 1533 
14701.84326171875 2456 14249.801635742188 2466 13688.802719116211 2452 16604.900360107422 2471 12161.2548828125 2453 17128.705978393555 2477 11316.776275634766 2511 16402.244567871094 2431 11524.200439453125 2418 11977.672576904297 2404 11857.50961303711 2434 
16255.617141723633 3386 17530.67970275879 3463 17301.082611083984 3431 16248.703002929688 3432 16028.404235839844 3428 15316.963195800781 3415 15494.823455810547 3436 16996.145248413086 3382 18015.146255493164 3358 15906.333923339844 3394 16149.759292602539 3355 
26391.267776489258 5404 27354.24041748047 5316 25213.47999572754 5399 25452.852249145508 5345 24467.46826171875 5431 26111.125946044922 5318 25403.738021850586 5261 25489.56871032715 5369 25236.36817932129 5383 25645.732879638672 5370 24665.59410095215 5392 
35474.06196594238 7376 37453.88984680176 7334 35721.3020324707 7413 35292.863845825195 7351 34350.87203979492 7519 34691.09535217285 7390 35035.37178039551 7430 35333.39500427246 7406 34427.642822265625 7372 35712.480545043945 7438 35482.88345336914 7230 
54279.327392578125 11795 53625.10681152344 11755 55815.21987915039 11677 56829.214096069336 11695 54050.20713806152 11699 54419.27909851074 11769 55071.59233093262 11699 57585.23941040039 11747 54199.6955871582 11761 71658.37287902832 11702 75656.17561340332 11697 
90789.3180847168 16266 77490.09132385254 16169 86215.25764465332 16102 81755.6381225586 16152 98036.52763366699 16143 103122.94960021973 16235 79673.05183410645 16168 80235.48126220703 16020 75677.63328552246 16077 99113.22593688965 16307 93966.00723266602 15995 
122669.45838928223 25242 117127.65693664551 25603 120700.59776306152 25229 155645.37048339844 25318 167628.52668762207 25303 126509.9048614502 25332 123115.06271362305 25360 125898.36120605469 25555 166142.46368408203 25302 122625.58937072754 25381 129621.50573730469 24917 
198914.2894744873 35370 164332.38983154297 35037 204317.3313140869 35249 162105.56030273438 35242 185023.06938171387 34782 174598.21701049805 35171 167808.53271484375 35091 180709.1236114502 34507 172989.6068572998 34411 169470.07179260254 34737 168434.85832214355 34854 
268285.75134277344 54096 264976.02462768555 55257 268886.0893249512 54295 260227.44178771973 54900 266687.87002563477 54947 267569.30351257324 54164 263782.7396392822 54393 264919.7578430176 54341 263893.60427856445 54648 273795.84312438965 54243 265357.97119140625 54972 
366630.07736206055 74092 361248.254776001 75329 354951.3816833496 75900 363961.93504333496 74393 358271.83723449707 75296 357301.7120361328 75491 357836.2464904785 75424 357460.49880981445 75586 371157.6461791992 74766 353978.87229919434 74472 360316.51496887207 74716 
569418.19190979 117875 575454.2350769043 116977 612408.1611633301 117167 634867.9065704346 116431 569927.453994751 117673 568624.4964599609 117619 570025.4440307617 117935 630731.1058044434 115442 562689.5427703857 117719 634872.4365234375 117604 631909.8472595215 117293 
1003584.3849182129 159618 874053.2398223877 160223 840078.3538818359 159306 812827.1102905273 160485 812808.7520599365 160378 940802.812576294 162402 869327.5451660156 162666 814709.4249725342 160775 804392.0993804932 160566 893972.1584320068 161176 842595.3388214111 161045 
1458814.8593902588 250161 1427901.9832611084 247141 1359766.2448883057 250446 1331092.357635498 248450 1283131.8378448486 251837 1325302.3624420166 246821 1286186.2182617188 251229 1359898.8056182861 248446 1390698.6713409424 246088 1567709.6843719482 251107 1511643.886566162 247023 
2052488.5654449463 340178 1981970.5486297607 339620 1850084.7816467285 337217 2014260.0536346436 339781 1873608.112335205 338420 1919475.5554199219 337707 1886172.5330352783 337382 1864882.7075958252 339386 1958791.732788086 339037 1994049.5491027832 336122 2025626.4209747314 336364 
3157022.476196289 515123 3069539.785385132 515280 3043780.80368042 517772 3026073.932647705 517255 3065665.2450561523 509701 3090030.4317474365 512522 3075279.951095581 516731 3007217.6456451416 513949 3262315.9885406494 515691 3143236.8755340576 519113 3197430.13381958 515357 
4740818.738937378 690453 4923159.122467041 696160 4683633.56590271 695940 4707560.777664185 677860 4511192.560195923 689334 4491661.310195923 692212 4434529.3045043945 693711 4491794.82460022 689122 4482962.846755981 687098 4580289.125442505 687691 4398274.898529053 697929 
7728490.591049194 1048144 8273600.101470947 1040509 8068653.106689453 1051745 8239366.054534912 1048327 7750130.176544189 1048615 8344444.274902344 1048433 7621989.965438843 1052962 8714921.712875366 1042220 8602872.133255005 1048926 7726227.9987335205 1057437 7854126.691818237 1038822 
