147.81951904296875 2 
94.65217590332031 3 78.2012939453125 2 
190.0196075439453 9 195.02639770507812 7 
235.55755615234375 14 263.9293670654297 14 258.6841583251953 12 283.4796905517578 14 325.6797790527344 14 175.23765563964844 13 127.55393981933594 16 114.44091796875 13 150.6805419921875 12 121.35505676269531 12 117.06352233886719 13 
221.25244140625 22 199.31793212890625 22 173.09188842773438 20 183.10546875 18 162.60147094726562 19 488.28125 22 270.843505859375 25 225.54397583007812 18 202.8942108154297 21 429.6302795410156 22 701.6658782958984 24 
544.7864532470703 35 526.6666412353516 29 469.44618225097656 32 433.6833953857422 32 467.7772521972656 28 464.43939208984375 31 507.8315734863281 34 264.6446228027344 33 236.98806762695312 29 236.98806762695312 32 609.8747253417969 33 
477.79083251953125 54 401.7353057861328 47 392.1985626220703 49 417.94776916503906 53 356.43577575683594 48 595.3311920166016 47 510.4541778564453 53 514.984130859375 52 500.4405975341797 54 397.9206085205078 53 351.90582275390625 44 
646.1143493652344 70 1354.4559478759766 75 1064.0621185302734 73 1134.3955993652344 75 1074.7909545898438 71 715.9709930419922 72 547.4090576171875 75 564.8136138916016 70 564.8136138916016 69 880.9566497802734 72 631.0939788818359 76 
877.38037109375 107 889.7781372070312 108 1044.7502136230469 112 945.8065032958984 113 938.6539459228516 109 1660.8238220214844 115 923.15673828125 107 848.0548858642578 109 838.0413055419922 111 843.048095703125 117 814.6762847900391 117 
1145.3628540039062 171 3039.3600463867188 169 1895.904541015625 157 1168.0126190185547 153 1154.8995971679688 161 1609.0869903564453 151 2086.162567138672 157 1261.2342834472656 153 1112.222671508789 154 1296.2818145751953 161 1236.9155883789062 168 
1945.9724426269531 240 1922.8458404541016 257 2409.219741821289 248 2011.2991333007812 253 1711.6069793701172 253 1668.2147979736328 245 2019.8822021484375 247 1868.0095672607422 252 1666.3074493408203 257 3801.3458251953125 250 2060.8901977539062 247 
3443.9563751220703 336 3140.9263610839844 352 2667.1886444091797 361 3129.9591064453125 350 2548.2177734375 351 2640.247344970703 363 2943.9926147460938 353 2679.3479919433594 365 2450.704574584961 343 3158.3309173583984 356 2598.5240936279297 352 
4272.937774658203 548 4271.984100341797 544 4046.4401245117188 547 4174.947738647461 560 4211.42578125 549 4254.817962646484 535 4234.31396484375 538 3790.8554077148438 545 4097.223281860352 552 4375.219345092773 549 4504.44221496582 552 
5358.93440246582 747 5379.915237426758 772 6592.273712158203 748 5368.709564208984 788 5370.616912841797 749 5474.80583190918 775 5119.800567626953 780 5214.452743530273 770 5177.021026611328 775 5106.210708618164 772 5261.659622192383 775 
8013.248443603516 1211 8126.735687255859 1195 8128.881454467773 1192 8241.891860961914 1180 8361.101150512695 1145 8118.867874145508 1186 8309.602737426758 1192 8147.478103637695 1205 8057.832717895508 1210 8093.357086181641 1179 8448.600769042969 1196 
11534.452438354492 1688 11556.625366210938 1673 11548.995971679688 1663 11394.262313842773 1683 11272.430419921875 1615 11766.672134399414 1678 12398.719787597656 1657 12573.003768920898 1681 12760.87760925293 1652 14197.826385498047 1644 19763.23127746582 1635 
27726.173400878906 2597 21347.999572753906 2562 22320.270538330078 2619 23706.19773864746 2564 20086.050033569336 2604 19849.300384521484 2645 20653.247833251953 2525 20797.014236450195 2614 25642.15660095215 2586 28432.369232177734 2542 22620.439529418945 2599 
29262.065887451172 3614 30419.588088989258 3575 30251.026153564453 3548 28272.628784179688 3536 28724.67041015625 3596 31201.12419128418 3618 31833.171844482422 3570 31237.363815307617 3546 30503.034591674805 3610 30423.879623413086 3623 38423.29978942871 3553 
53285.12191772461 5596 52330.25550842285 5663 54403.78189086914 5554 52985.429763793945 5613 52166.70036315918 5537 54865.121841430664 5607 53673.744201660156 5528 52458.04786682129 5474 46244.85969543457 5560 43365.478515625 5610 41820.526123046875 5573 
59811.11526489258 7538 62819.719314575195 7599 63045.97854614258 7586 59323.31085205078 7729 64229.01153564453 7590 59956.55059814453 7682 60142.75550842285 7602 59915.30418395996 7584 61546.32568359375 7652 64199.92446899414 7496 66945.55282592773 7493 
122910.2611541748 11594 114344.12002563477 11663 125278.71131896973 11653 136981.24885559082 11814 146217.34619140625 11504 132366.41883850098 11596 119598.1502532959 11776 130817.41333007812 11896 100178.95698547363 11820 100946.18797302246 11794 100897.07374572754 11847 
192697.28660583496 15686 217743.6351776123 15839 199742.55561828613 15784 202969.55108642578 15785 190470.69549560547 15849 174099.44534301758 15926 169007.5397491455 15844 169169.18754577637 15887 148103.9524078369 15847 142704.01000976562 15755 149167.7761077881 15825 
245829.82063293457 24119 239867.2103881836 23974 241992.47360229492 23756 240762.47215270996 24172 243154.52575683594 24136 238409.28077697754 23930 252196.5503692627 24162 263186.6931915283 24071 251605.74913024902 23952 265031.5761566162 24163 251720.19004821777 24113 
362911.4627838135 32069 394626.8558502197 32258 369425.05836486816 32501 376416.9216156006 32275 427009.34410095215 31932 430671.45347595215 32361 398916.72134399414 32016 384506.7024230957 32097 383629.32205200195 32178 384936.5711212158 32129 472368.0019378662 32293 
773513.5555267334 48669 895579.8149108887 49050 748958.5876464844 48416 672113.1801605225 49092 685037.37449646 48773 647353.8875579834 49462 678836.3456726074 48295 672640.0852203369 48418 842630.6247711182 47798 802124.7386932373 48172 680580.8544158936 48579 
1036946.2966918945 64604 1050575.7331848145 65708 1247908.8306427002 65675 1254914.9990081787 65407 1117550.8499145508 65308 1021377.3250579834 65585 985931.396484375 65085 983709.8121643066 65844 992364.1681671143 66097 1157486.4387512207 65422 1334313.154220581 64414 
1970303.0586242676 98607 1921417.9515838623 98729 1925344.705581665 98980 1932616.2338256836 97569 1923308.3724975586 99087 1974897.6230621338 97830 1953036.0698699951 98328 2100790.7390594482 98247 1895463.466644287 99735 1885633.4686279297 99475 1914151.906967163 97097 
3069602.4894714355 132075 3106126.070022583 129386 3064828.634262085 132348 3329125.6427764893 132210 3403717.9946899414 132948 3459417.3431396484 130986 3461675.1670837402 132023 3176708.221435547 132019 3163909.435272217 132295 3356413.6028289795 132052 3142115.1161193848 131302 
6235219.240188599 200325 6301001.54876709 197776 6292773.962020874 197747 6263709.306716919 197203 6277678.728103638 196115 6296224.355697632 192872 6619800.806045532 196609 6608608.961105347 200230 6560173.988342285 197238 6613684.177398682 196593 6234079.360961914 197284 
10483872.652053833 264237 10493916.988372803 263632 10479598.760604858 263813 10505354.881286621 262496 11470439.195632935 263604 10625186.443328857 264853 10532571.31576538 264561 10567133.665084839 259539 10709030.151367188 264040 10472612.857818604 263852 10466792.821884155 263768 
22138826.370239258 396742 22275217.056274414 396689 22191176.414489746 397101 22176828.384399414 399270 23168636.322021484 395069 22159411.191940308 399927 22173168.897628784 397633 22096213.1023407 403495 22218211.889266968 398134 22150133.848190308 400382 22117897.987365723 399212 
38225881.814956665 533891 38183452.84461975 533792 39140073.77624512 530630 38854378.22341919 528335 38494176.149368286 530642 38476211.78627014 525848 38530013.08441162 534350 38402735.233306885 529385 38350493.19267273 532210 38462221.86088562 526249 39758697.98660278 528653 
83586234.56954956 794410 83801182.03163147 798905 86292500.73432922 782908 74270259.61875916 784254 67720594.40612793 795693 52903188.46702576 794511 54202542.781829834 792599 52314577.34107971 794628 52460299.7303009 792434 52895612.23983765 795295 52180327.89230347 796355 
