106.09626770019531 1 
122.30873107910156 4 82.73124694824219 4 
162.60147094726562 8 179.290771484375 10 
282.28759765625 13 233.8886260986328 15 242.2332763671875 13 237.7033233642578 13 219.3450927734375 14 193.8343048095703 11 233.65020751953125 15 217.19932556152344 11 242.2332763671875 13 271.5587615966797 13 276.5655517578125 16 
215.29197692871094 21 405.31158447265625 22 448.2269287109375 23 404.59632873535156 21 349.28321838378906 20 364.7804260253906 25 384.5691680908203 21 244.61746215820312 23 162.60147094726562 22 179.290771484375 25 179.290771484375 21 
242.2332763671875 32 253.91578674316406 32 231.9812774658203 28 345.46852111816406 33 468.4925079345703 37 288.7248992919922 31 237.7033233642578 30 268.2209014892578 33 228.1665802001953 29 238.4185791015625 32 236.51123046875 31 
373.1250762939453 50 430.10711669921875 52 350.9521484375 46 461.578369140625 50 726.2229919433594 55 687.1223449707031 55 411.74888610839844 45 369.5487976074219 47 426.29241943359375 49 405.31158447265625 55 405.5500030517578 47 
639.4386291503906 72 696.6590881347656 70 783.9202880859375 71 690.6986236572266 71 648.49853515625 70 564.0983581542969 66 509.9773406982422 68 564.3367767333984 77 505.68580627441406 69 534.7728729248047 72 545.501708984375 75 
1055.002212524414 111 1632.6904296875 118 1408.8153839111328 106 1021.3851928710938 109 2283.334732055664 109 1430.2730560302734 111 1464.84375 113 794.8875427246094 115 885.2481842041016 109 997.3049163818359 125 1306.5338134765625 108 
1447.6776123046875 162 1266.0026550292969 157 1472.9499816894531 161 1389.7418975830078 160 1264.0953063964844 152 1786.7088317871094 154 1067.3999786376953 161 1070.7378387451172 154 1120.5673217773438 167 1097.4407196044922 163 1050.4722595214844 154 
1768.1121826171875 268 2038.0020141601562 250 2005.8155059814453 262 1668.4532165527344 252 1694.2024230957031 246 1842.7371978759766 256 1606.9412231445312 244 1726.8657684326172 258 1633.1672668457031 261 1614.8090362548828 239 1613.1401062011719 240 
2357.006072998047 354 2227.0679473876953 365 2325.773239135742 353 2249.2408752441406 342 2318.6206817626953 357 2314.329147338867 371 2317.9054260253906 355 2336.263656616211 352 2300.0240325927734 351 2249.479293823242 344 2336.5020751953125 352 
3547.4300384521484 573 3581.523895263672 550 3551.7215728759766 563 3586.0538482666016 549 3689.7659301757812 570 3621.339797973633 548 3537.416458129883 577 3618.2403564453125 557 3606.081008911133 573 3631.8302154541016 551 3659.486770629883 571 
5088.567733764648 807 4998.683929443359 776 5098.104476928711 767 5090.7135009765625 775 4972.219467163086 789 5254.983901977539 795 5144.1192626953125 780 5176.544189453125 799 5048.990249633789 806 5176.067352294922 760 5126.476287841797 793 
8956.432342529297 1247 7942.914962768555 1235 7987.499237060547 1255 7915.973663330078 1248 8074.760437011719 1263 8236.885070800781 1215 8060.455322265625 1222 8135.795593261719 1277 7991.313934326172 1239 8244.991302490234 1227 8140.325546264648 1251 
11140.823364257812 1749 11434.555053710938 1738 11234.521865844727 1735 11363.26789855957 1737 11098.384857177734 1714 11175.155639648438 1736 11792.659759521484 1717 11358.73794555664 1739 11522.054672241211 1725 13337.135314941406 1739 12209.653854370117 1739 
17728.328704833984 2699 17480.134963989258 2748 17811.298370361328 2680 17440.319061279297 2734 17811.53678894043 2673 20264.863967895508 2699 17942.90542602539 2704 17750.50163269043 2696 18543.243408203125 2761 18559.45587158203 2655 17646.074295043945 2715 
24051.904678344727 3798 23513.078689575195 3717 23606.061935424805 3713 24248.361587524414 3757 23703.336715698242 3783 23831.844329833984 3779 23316.86019897461 3704 23633.718490600586 3773 24744.272232055664 3703 23741.24526977539 3718 26060.104370117188 3738 
37790.06004333496 5904 36917.686462402344 5851 37699.69940185547 5930 38973.80828857422 5902 38030.385971069336 5858 36601.54342651367 5883 36415.33851623535 5944 36477.80418395996 5917 37349.93934631348 5819 38184.404373168945 5881 37260.29396057129 5879 
50780.7731628418 8047 50092.458724975586 8250 51693.91632080078 7984 50033.3309173584 8120 50658.226013183594 8131 51213.50288391113 8026 50017.595291137695 8189 50118.92318725586 8117 51303.14826965332 8070 50135.135650634766 8224 50223.82736206055 8053 
79210.04295349121 12564 82610.8455657959 12470 79755.06782531738 12556 78182.93571472168 12761 82767.96340942383 12806 77997.20764160156 12578 78145.26557922363 12646 77976.70364379883 12872 79549.31259155273 12508 76674.9382019043 12752 78450.20294189453 12635 
107863.4262084961 17157 106153.96499633789 17412 106821.06018066406 17410 109039.306640625 17347 117340.5647277832 17213 128270.38764953613 17344 130738.49678039551 17452 131655.69305419922 17292 132111.5493774414 17314 123552.79922485352 17420 124680.5191040039 17381 
203428.7452697754 26853 238937.1395111084 26982 284914.0167236328 26989 237242.2218322754 26891 193432.33108520508 26774 254569.53048706055 27240 196715.3549194336 26689 169867.03872680664 26659 165286.06414794922 26769 190911.76986694336 27168 228987.2169494629 26971 
260247.23052978516 36672 227513.07487487793 37171 226027.7271270752 36957 230206.25114440918 36508 236004.35256958008 36322 225085.97373962402 37110 249119.99702453613 36567 229993.8201904297 36318 293854.4750213623 36610 224584.10263061523 37087 232826.94816589355 37135 
443095.6840515137 56036 412564.5160675049 56663 369980.3352355957 55801 358120.9182739258 57011 393185.8539581299 56862 361071.3481903076 56809 352495.6703186035 57316 365694.0460205078 56801 365010.26153564453 56273 352298.7365722656 57051 393651.96228027344 56988 
487636.3277435303 77669 515898.4661102295 78314 566433.4297180176 77891 509132.14683532715 77408 511330.84297180176 77548 609512.0906829834 76893 554785.0131988525 77166 544801.9504547119 77887 575278.0437469482 77980 607048.9883422852 77262 533035.9935760498 77358 
790193.3193206787 120168 807100.0576019287 120828 770398.3783721924 121205 805043.6973571777 119798 957073.9269256592 119796 918257.474899292 119755 839421.5106964111 119893 980860.2333068848 120066 914876.2226104736 120736 816414.5946502686 119519 811724.4243621826 120405 
1120213.0317687988 163248 1201539.2780303955 162950 1169194.221496582 162832 1254232.406616211 163200 1167263.7462615967 163702 1139393.8064575195 163184 1136994.1234588623 163695 1117044.21043396 163253 1174136.6386413574 163112 1187369.8234558105 165231 1207069.1585540771 164212 
1875782.4897766113 250368 1774433.1359863281 253127 1821050.4055023193 250393 1812805.6526184082 253574 1791511.058807373 252326 1905398.1304168701 253740 1839502.8114318848 247635 1856439.1136169434 252662 1749646.6636657715 250888 1751621.961593628 252050 1742468.8339233398 251391 
2437078.4759521484 338269 2430023.9086151123 339693 2672713.5181427 339656 2881929.1591644287 339967 2854930.877685547 340429 2555781.602859497 340355 2591466.188430786 340959 2787180.6621551514 340487 2642621.5171813965 341141 2730540.0371551514 338943 2717291.1167144775 338981 
4343786.478042603 520170 4140500.068664551 519985 4127699.136734009 521037 4396492.004394531 520051 4398342.132568359 521516 4554697.275161743 519985 4034306.764602661 517902 4424106.597900391 521950 4372199.296951294 515718 4021438.3602142334 514176 3967046.022415161 521437 
5726008.653640747 693004 5740420.341491699 697271 5640337.944030762 700800 5750012.8746032715 685732 5862574.338912964 678930 5767641.544342041 686591 5696138.858795166 693757 5671359.062194824 701246 6208715.438842773 699080 5871869.802474976 700495 6089362.382888794 700993 
10625833.03451538 1054304 10977865.934371948 1049236 10066914.081573486 1046356 10306633.472442627 1045840 9961528.301239014 1057342 10456615.686416626 1052854 10318263.530731201 1054408 10339616.298675537 1055674 10217962.503433228 1056942 9856669.664382935 1054679 9914809.942245483 1049813 
